Supervised Learning 

(1176, 538, 1723, 12284, 15, 0, 0.7807, 0.334, 0.408, 0.5159, 0.1469, 0.4648, 0.6159, 0.304, 0.5946, 0.6493)



[nltk_data] Downloading package averaged_perceptron_tagger to
[nltk_data]     /home/ghost/nltk_data...
[nltk_data]   Package averaged_perceptron_tagger is already up-to-
[nltk_data]       date!
(1176, 538, 8601)
(1176, 538, 8601, 12284, 15, 0, 0.5204, 0.4792, 0.6937, 0.5155, 0.3011, 0.1118, 0.5155, 0.3698, 0.1926, 0.2812)
(2916, 787, 6612, 12284, 15, 1, 0.4975, 0.4801, 0.75, 0.4994, 0.2594, 0.0008, 0.4994, 0.3368, 0.0016, 0.1692)
(2920, 542, 6853, 12284, 15, 2, 0.4753, 0.3945, 0.5, 0.5048, 0.5474, 0.0003, 0.5048, 0.4586, 0.0006, 0.2296)
(4131, 539, 5645, 12284, 15, 3, 0.3594, 0.279, 1.0, 0.4704, 0.8371, 0.0003, 0.4704, 0.4186, 0.0006, 0.2096)
(5636, 538, 4141, 12284, 15, 4, 0.2182, 0.2057, 0.0, 0.3774, 0.9865, 0.0, 0.3774, 0.3404, 0.0, 0.1702)
(7689, 538, 2088, 12284, 15, 5, 0.1933, 0.1933, 0.0, 0.0, 1.0, 0.0, 0.0, 0.324, 0.0, 0.162)
(8054, 538, 1723, 12284, 15, 6, 0.1933, 0.1933, 0.0, 0.0, 1.0, 0.0, 0.0, 0.324, 0.0, 0.162)
(8054, 538, 1723, 12284, 15, 7, 0.1933, 0.1933, 0.0, 0.0, 1.0, 0.0, 0.0, 0.324, 0.0, 0.162)
(8054, 538, 1723, 12284, 15, 8, 0.1933, 0.1933, 0.0, 0.0, 1.0, 0.0, 0.0, 0.324, 0.0, 0.162)
(8054, 538, 1723, 12284, 15, 9, 0.1933, 0.1933, 0.0, 0.0, 1.0, 0.0, 0.0, 0.324, 0.0, 0.162)
(8054, 538, 1723, 12284, 15, 10, 0.1933, 0.1933, 0.0, 0.0, 1.0, 0.0, 0.0, 0.324, 0.0, 0.162)
9670.95823288



Linear 


(1176, 538, 8601)
(1176, 538, 8601, 12284, 15, 0, 0.5121, 0.487, 0.6734, 0.5072, 0.2211, 0.0836, 0.5072, 0.3042, 0.1488, 0.2265)
(2490, 753, 7072, 12284, 15, 1, 0.4928, 0.485, 0.75, 0.4932, 0.1634, 0.0008, 0.4932, 0.2444, 0.0016, 0.123)
(2191, 540, 7584, 12284, 15, 2, 0.4329, 0.32, 0.75, 0.4891, 0.5507, 0.0008, 0.4891, 0.4048, 0.0016, 0.2032)
(3117, 540, 6658, 12284, 15, 3, 0.3039, 0.2394, 1.0, 0.4399, 0.8404, 0.0005, 0.4399, 0.3726, 0.001, 0.1868)
(4972, 538, 4805, 12284, 15, 4, 0.2143, 0.2033, 1.0, 0.3592, 0.9777, 0.0003, 0.3592, 0.3366, 0.0006, 0.1686)
(7505, 538, 2272, 12284, 15, 5, 0.1933, 0.1933, 0.0, 0.0, 1.0, 0.0, 0.0, 0.324, 0.0, 0.162)
(8054, 538, 1723, 12284, 15, 6, 0.1933, 0.1933, 0.0, 0.0, 1.0, 0.0, 0.0, 0.324, 0.0, 0.162)
(8054, 538, 1723, 12284, 15, 7, 0.1933, 0.1933, 0.0, 0.0, 1.0, 0.0, 0.0, 0.324, 0.0, 0.162)
(8054, 538, 1723, 12284, 15, 8, 0.1933, 0.1933, 0.0, 0.0, 1.0, 0.0, 0.0, 0.324, 0.0, 0.162)
(8054, 538, 1723, 12284, 15, 9, 0.1933, 0.1933, 0.0, 0.0, 1.0, 0.0, 0.0, 0.324, 0.0, 0.162)
(8054, 538, 1723, 12284, 15, 10, 0.1933, 0.1933, 0.0, 0.0, 1.0, 0.0, 0.0, 0.324, 0.0, 0.162)
9828.34226394





l1-normalizer
linear
(1176, 538, 1723)
(1176, 538, 1723, 12284, 15, 0, 0.5256, 0.459, 0.6059, 0.5332, 0.3583, 0.2671, 0.5332, 0.4024, 0.3708, 0.3866)
(3221, 1199, 5895, 12284, 15, 1, 0.5007, 0.4843, 0.6923, 0.4963, 0.1103, 0.0544, 0.4963, 0.1796, 0.1008, 0.1402)
(2146, 665, 7504, 12284, 15, 2, 0.4945, 0.4907, 0.6887, 0.4921, 0.0884, 0.0262, 0.4921, 0.1498, 0.0504, 0.1001)
(1987, 632, 7696, 12284, 15, 3, 0.4941, 0.4634, 0.6308, 0.4947, 0.1571, 0.0206, 0.4947, 0.2346, 0.0398, 0.1372)
(2154, 625, 7536, 12284, 15, 4, 0.4937, 0.4695, 0.6486, 0.4938, 0.1457, 0.0181, 0.4938, 0.2224, 0.0352, 0.1288)
(2114, 616, 7585, 12284, 15, 5, 0.493, 0.4498, 0.6529, 0.4944, 0.1528, 0.0199, 0.4944, 0.2282, 0.0386, 0.1334)
(2130, 615, 7570, 12284, 15, 6, 0.4915, 0.4416, 0.6218, 0.4937, 0.1512, 0.0186, 0.4937, 0.2252, 0.0362, 0.1307)
(2130, 615, 7570, 12284, 15, 7, 0.4915, 0.4416, 0.6218, 0.4937, 0.1512, 0.0186, 0.4937, 0.2252, 0.0362, 0.1307)
(2130, 615, 7570, 12284, 15, 8, 0.4915, 0.4416, 0.6218, 0.4937, 0.1512, 0.0186, 0.4937, 0.2252, 0.0362, 0.1307)
(2130, 615, 7570, 12284, 15, 9, 0.4915, 0.4416, 0.6218, 0.4937, 0.1512, 0.0186, 0.4937, 0.2252, 0.0362, 0.1307)
(2130, 615, 7570, 12284, 15, 10, 0.4915, 0.4416, 0.6218, 0.4937, 0.1512, 0.0186, 0.4937, 0.2252, 0.0362, 0.1307)


rbf
(1176, 538, 1723, 12284, 15, 0, 0.5324, 0.4214, 0.5997, 0.5458, 0.5213, 0.327, 0.5458, 0.466, 0.4232, 0.4446)




LR

(1176, 538, 1723)
(1176, 538, 1723, 12284, 15, 0, 0.2182, 0.2057, 0.0, 0.3774, 0.9865, 0.0, 0.3774, 0.3404, 0.0, 0.1702)
(5636, 538, 4141, 12284, 15, 1, 0.1933, 0.1933, 0.0, 0.0, 1.0, 0.0, 0.0, 0.324, 0.0, 0.162)


SGDClassifier

(1176, 538, 1723, 12284, 15, 0, 0.5258, 0.4445, 0.5604, 0.5373, 0.3928, 0.327, 0.5373, 0.417, 0.413, 0.415)
(3423, 1455, 5437, 12284, 15, 1, 0.4979, 0.4613, 0.6995, 0.4963, 0.1305, 0.0375, 0.4963, 0.2034, 0.0712, 0.1373)


NaiveBayes

(1176, 538, 1723, 12284, 15, 0, 0.495, 0.5541, 0.6629, 0.4918, 0.0884, 0.0149, 0.4918, 0.1524, 0.0292, 0.0908)


DecisionTreeClassifier

(1176, 538, 1723, 12284, 15, 0, 0.4607, 0.334, 0.408, 0.5159, 0.1469, 0.4648, 0.5159, 0.204, 0.4346, 0.3193)


depth=none

(1176, 538, 1723, 12284, 15, 0, 0.4, 0.2633, 0.3555, 0.4675, 0.208, 0.357, 0.4675, 0.2324, 0.3562, 0.2943)
(2832, 2051, 5432, 12284, 15, 1, 0.4437, 0.3197, 0.3741, 0.4926, 0.3389, 0.1317, 0.4926, 0.329, 0.1948, 0.2619)
(2587, 1388, 6340, 12284, 15, 2, 0.4857, 0.379, 0.4876, 0.5174, 0.4076, 0.1488, 0.5174, 0.3928, 0.228, 0.3104)
(2817, 1278, 6220, 12284, 15, 3, 0.4083, 0.2254, 0.5195, 0.5196, 0.4413, 0.1941, 0.5196, 0.2984, 0.2826, 0.2905)
(3788, 1408, 5119, 12284, 15, 4, 0.4613, 0.1418, 0.5322, 0.4987, 0.0863, 0.2248, 0.4987, 0.1072, 0.316, 0.2116)
(1439, 1426, 7450, 12284, 15, 5, 0.4489, 0.1502, 0.5267, 0.4986, 0.1162, 0.1415, 0.4986, 0.131, 0.223, 0.177)
(1835, 1135, 7345, 12284, 15, 6, 0.478, 0.1367, 0.4474, 0.5033, 0.032, 0.214, 0.5033, 0.0518, 0.2896, 0.1707)
(1297, 1899, 7119, 12284, 15, 7, 0.4515, 0.193, 0.3376, 0.4799, 0.0396, 0.1249, 0.4799, 0.0658, 0.1824, 0.1241)
(1478, 932, 7905, 12284, 15, 8, 0.4308, 0.2104, 0.3957, 0.4769, 0.1465, 0.1543, 0.4769, 0.1728, 0.222, 0.1974)
(2212, 1069, 7034, 12284, 15, 9, 0.386, 0.1101, 0.2787, 0.469, 0.0749, 0.1619, 0.469, 0.0892, 0.2048, 0.147)
(1661, 808, 7846, 12284, 15, 10, 0.4303, 0.2629, 0.3336, 0.4716, 0.0581, 0.2417, 0.4716, 0.0952, 0.2804, 0.1878)
7507.11947703




